{
 "cells": [
  {
   "cell_type": "markdown",
   "metadata": {},
   "source": [
    "# Deliverable 2: Data-Preprocessing\n",
    "\n",
    "## Robert, Dave and Stan\n",
    "--------------------------------------------------------------------------------------------------------------------------------\n",
    "\n",
    "\n",
    "### We hope to predict the winner of the 2018 NBA Playoffs \n",
    "### Collected data from \n",
    "\n",
    "  1. https://www.cbssports.com/nba/standings \n",
    "      * This website was found using a google search. We scraped the end of season statistics to help give us viable features for our model.\n",
    "  2. https://stats.nba.com/teams/traditional/?sort=W_PCT&dir=-1&Season=2017-18&SeasonType=Regular%20Season \n",
    "      * This website was found with a google search. We used sweat equity to uncover more final season statistics for playoff teams \"for\" and \"against\". This will help us when training our model with the playoff teams."
   ]
  },
  {
   "cell_type": "markdown",
   "metadata": {},
   "source": [
    "Question: Can we use machine learning, with statistics from the regular season and past playoff performances, to predict the outcome of the NBA playoffs? We want to investigate if we can successfully have a model that identifies key features in a winning team and then can predict future winners. The plan is to have the model train on statistics from previous seasons and associate those with the teams that won, and then run the statistics from this past season to see who will win the 2018 playoffs. \n",
    "\n",
    "In this deliverable, we gathered more data and preprocessed all of our data further to prepare it to be fed into a machine learning model in the next deliverable. Below are some of our visualizations of our data. The preprocessing steps can be found in \"Preprocessing.ipynb\" and \"Series_Preprocess.ipynb\". The final CSVs for the model can be found in the direcorty \"./preprocessed/final/\"."
   ]
  },
  {
   "cell_type": "code",
   "execution_count": 1,
   "metadata": {
    "collapsed": true
   },
   "outputs": [],
   "source": [
    "import pandas as pd\n",
    "%matplotlib inline\n",
    "from matplotlib import pyplot as plt\n",
    "import numpy as np\n",
    "import scipy as sc\n",
    "from scipy.stats import ttest_ind\n",
    "import math"
   ]
  },
  {
   "cell_type": "code",
   "execution_count": 2,
   "metadata": {},
   "outputs": [
    {
     "data": {
      "text/html": [
       "<div>\n",
       "<style>\n",
       "    .dataframe thead tr:only-child th {\n",
       "        text-align: right;\n",
       "    }\n",
       "\n",
       "    .dataframe thead th {\n",
       "        text-align: left;\n",
       "    }\n",
       "\n",
       "    .dataframe tbody tr th {\n",
       "        vertical-align: top;\n",
       "    }\n",
       "</style>\n",
       "<table border=\"1\" class=\"dataframe\">\n",
       "  <thead>\n",
       "    <tr style=\"text-align: right;\">\n",
       "      <th></th>\n",
       "      <th>Unnamed: 0</th>\n",
       "      <th>Rk</th>\n",
       "      <th>Team</th>\n",
       "      <th>G</th>\n",
       "      <th>MP</th>\n",
       "      <th>FG</th>\n",
       "      <th>FGA</th>\n",
       "      <th>FG%</th>\n",
       "      <th>3P</th>\n",
       "      <th>3PA</th>\n",
       "      <th>...</th>\n",
       "      <th>ORB</th>\n",
       "      <th>DRB</th>\n",
       "      <th>TRB</th>\n",
       "      <th>AST</th>\n",
       "      <th>STL</th>\n",
       "      <th>BLK</th>\n",
       "      <th>TOV</th>\n",
       "      <th>PF</th>\n",
       "      <th>PTS</th>\n",
       "      <th>WIN%</th>\n",
       "    </tr>\n",
       "  </thead>\n",
       "  <tbody>\n",
       "    <tr>\n",
       "      <th>1</th>\n",
       "      <td>1</td>\n",
       "      <td>1</td>\n",
       "      <td>Houston Rockets*</td>\n",
       "      <td>82</td>\n",
       "      <td>240.9</td>\n",
       "      <td>38.7</td>\n",
       "      <td>84.2</td>\n",
       "      <td>0.460</td>\n",
       "      <td>15.3</td>\n",
       "      <td>42.3</td>\n",
       "      <td>...</td>\n",
       "      <td>9.0</td>\n",
       "      <td>34.5</td>\n",
       "      <td>43.5</td>\n",
       "      <td>21.5</td>\n",
       "      <td>8.5</td>\n",
       "      <td>4.8</td>\n",
       "      <td>13.8</td>\n",
       "      <td>19.5</td>\n",
       "      <td>112.4</td>\n",
       "      <td>79.3</td>\n",
       "    </tr>\n",
       "    <tr>\n",
       "      <th>3</th>\n",
       "      <td>3</td>\n",
       "      <td>2</td>\n",
       "      <td>Toronto Raptors*</td>\n",
       "      <td>82</td>\n",
       "      <td>241.8</td>\n",
       "      <td>41.3</td>\n",
       "      <td>87.4</td>\n",
       "      <td>0.472</td>\n",
       "      <td>11.8</td>\n",
       "      <td>33.0</td>\n",
       "      <td>...</td>\n",
       "      <td>9.8</td>\n",
       "      <td>34.2</td>\n",
       "      <td>44.0</td>\n",
       "      <td>24.3</td>\n",
       "      <td>7.6</td>\n",
       "      <td>6.1</td>\n",
       "      <td>13.4</td>\n",
       "      <td>21.8</td>\n",
       "      <td>111.7</td>\n",
       "      <td>72.0</td>\n",
       "    </tr>\n",
       "    <tr>\n",
       "      <th>0</th>\n",
       "      <td>0</td>\n",
       "      <td>3</td>\n",
       "      <td>Golden State Warriors*</td>\n",
       "      <td>82</td>\n",
       "      <td>240.6</td>\n",
       "      <td>42.8</td>\n",
       "      <td>85.1</td>\n",
       "      <td>0.503</td>\n",
       "      <td>11.3</td>\n",
       "      <td>28.9</td>\n",
       "      <td>...</td>\n",
       "      <td>8.4</td>\n",
       "      <td>35.1</td>\n",
       "      <td>43.5</td>\n",
       "      <td>29.3</td>\n",
       "      <td>8.0</td>\n",
       "      <td>7.5</td>\n",
       "      <td>15.5</td>\n",
       "      <td>19.6</td>\n",
       "      <td>113.5</td>\n",
       "      <td>70.7</td>\n",
       "    </tr>\n",
       "    <tr>\n",
       "      <th>13</th>\n",
       "      <td>13</td>\n",
       "      <td>4</td>\n",
       "      <td>Boston Celtics*</td>\n",
       "      <td>82</td>\n",
       "      <td>241.5</td>\n",
       "      <td>38.3</td>\n",
       "      <td>85.1</td>\n",
       "      <td>0.450</td>\n",
       "      <td>11.5</td>\n",
       "      <td>30.4</td>\n",
       "      <td>...</td>\n",
       "      <td>9.4</td>\n",
       "      <td>35.1</td>\n",
       "      <td>44.5</td>\n",
       "      <td>22.5</td>\n",
       "      <td>7.4</td>\n",
       "      <td>4.6</td>\n",
       "      <td>14.0</td>\n",
       "      <td>19.7</td>\n",
       "      <td>104.0</td>\n",
       "      <td>67.1</td>\n",
       "    </tr>\n",
       "    <tr>\n",
       "      <th>5</th>\n",
       "      <td>5</td>\n",
       "      <td>5</td>\n",
       "      <td>Philadelphia 76ers*</td>\n",
       "      <td>82</td>\n",
       "      <td>241.2</td>\n",
       "      <td>40.8</td>\n",
       "      <td>86.6</td>\n",
       "      <td>0.472</td>\n",
       "      <td>11.0</td>\n",
       "      <td>29.8</td>\n",
       "      <td>...</td>\n",
       "      <td>10.9</td>\n",
       "      <td>36.5</td>\n",
       "      <td>47.4</td>\n",
       "      <td>27.1</td>\n",
       "      <td>8.3</td>\n",
       "      <td>5.1</td>\n",
       "      <td>16.5</td>\n",
       "      <td>22.1</td>\n",
       "      <td>109.8</td>\n",
       "      <td>63.4</td>\n",
       "    </tr>\n",
       "    <tr>\n",
       "      <th>4</th>\n",
       "      <td>4</td>\n",
       "      <td>6</td>\n",
       "      <td>Cleveland Cavaliers*</td>\n",
       "      <td>82</td>\n",
       "      <td>240.6</td>\n",
       "      <td>40.4</td>\n",
       "      <td>84.8</td>\n",
       "      <td>0.476</td>\n",
       "      <td>12.0</td>\n",
       "      <td>32.1</td>\n",
       "      <td>...</td>\n",
       "      <td>8.5</td>\n",
       "      <td>33.7</td>\n",
       "      <td>42.1</td>\n",
       "      <td>23.4</td>\n",
       "      <td>7.1</td>\n",
       "      <td>3.8</td>\n",
       "      <td>13.7</td>\n",
       "      <td>18.6</td>\n",
       "      <td>110.9</td>\n",
       "      <td>61.0</td>\n",
       "    </tr>\n",
       "    <tr>\n",
       "      <th>10</th>\n",
       "      <td>10</td>\n",
       "      <td>7</td>\n",
       "      <td>Portland Trail Blazers*</td>\n",
       "      <td>82</td>\n",
       "      <td>240.9</td>\n",
       "      <td>39.3</td>\n",
       "      <td>87.0</td>\n",
       "      <td>0.452</td>\n",
       "      <td>10.3</td>\n",
       "      <td>28.1</td>\n",
       "      <td>...</td>\n",
       "      <td>10.2</td>\n",
       "      <td>35.3</td>\n",
       "      <td>45.5</td>\n",
       "      <td>19.5</td>\n",
       "      <td>7.0</td>\n",
       "      <td>5.2</td>\n",
       "      <td>13.5</td>\n",
       "      <td>19.5</td>\n",
       "      <td>105.6</td>\n",
       "      <td>59.8</td>\n",
       "    </tr>\n",
       "    <tr>\n",
       "      <th>2</th>\n",
       "      <td>2</td>\n",
       "      <td>8</td>\n",
       "      <td>New Orleans Pelicans*</td>\n",
       "      <td>82</td>\n",
       "      <td>243.4</td>\n",
       "      <td>42.7</td>\n",
       "      <td>88.3</td>\n",
       "      <td>0.483</td>\n",
       "      <td>10.2</td>\n",
       "      <td>28.2</td>\n",
       "      <td>...</td>\n",
       "      <td>8.7</td>\n",
       "      <td>35.7</td>\n",
       "      <td>44.3</td>\n",
       "      <td>26.8</td>\n",
       "      <td>8.0</td>\n",
       "      <td>5.9</td>\n",
       "      <td>14.9</td>\n",
       "      <td>19.1</td>\n",
       "      <td>111.7</td>\n",
       "      <td>58.5</td>\n",
       "    </tr>\n",
       "    <tr>\n",
       "      <th>7</th>\n",
       "      <td>7</td>\n",
       "      <td>8</td>\n",
       "      <td>Oklahoma City Thunder*</td>\n",
       "      <td>82</td>\n",
       "      <td>241.8</td>\n",
       "      <td>39.9</td>\n",
       "      <td>88.0</td>\n",
       "      <td>0.453</td>\n",
       "      <td>10.7</td>\n",
       "      <td>30.4</td>\n",
       "      <td>...</td>\n",
       "      <td>12.5</td>\n",
       "      <td>32.6</td>\n",
       "      <td>45.1</td>\n",
       "      <td>21.3</td>\n",
       "      <td>9.1</td>\n",
       "      <td>5.0</td>\n",
       "      <td>14.0</td>\n",
       "      <td>20.2</td>\n",
       "      <td>107.9</td>\n",
       "      <td>58.5</td>\n",
       "    </tr>\n",
       "    <tr>\n",
       "      <th>11</th>\n",
       "      <td>11</td>\n",
       "      <td>8</td>\n",
       "      <td>Indiana Pacers*</td>\n",
       "      <td>82</td>\n",
       "      <td>240.9</td>\n",
       "      <td>40.8</td>\n",
       "      <td>86.4</td>\n",
       "      <td>0.472</td>\n",
       "      <td>9.0</td>\n",
       "      <td>24.5</td>\n",
       "      <td>...</td>\n",
       "      <td>9.6</td>\n",
       "      <td>32.7</td>\n",
       "      <td>42.3</td>\n",
       "      <td>22.2</td>\n",
       "      <td>8.8</td>\n",
       "      <td>4.1</td>\n",
       "      <td>13.3</td>\n",
       "      <td>18.8</td>\n",
       "      <td>105.6</td>\n",
       "      <td>58.5</td>\n",
       "    </tr>\n",
       "    <tr>\n",
       "      <th>12</th>\n",
       "      <td>12</td>\n",
       "      <td>8</td>\n",
       "      <td>Utah Jazz*</td>\n",
       "      <td>82</td>\n",
       "      <td>240.9</td>\n",
       "      <td>38.3</td>\n",
       "      <td>82.9</td>\n",
       "      <td>0.462</td>\n",
       "      <td>10.8</td>\n",
       "      <td>29.6</td>\n",
       "      <td>...</td>\n",
       "      <td>9.0</td>\n",
       "      <td>34.2</td>\n",
       "      <td>43.3</td>\n",
       "      <td>22.4</td>\n",
       "      <td>8.6</td>\n",
       "      <td>5.1</td>\n",
       "      <td>14.7</td>\n",
       "      <td>19.6</td>\n",
       "      <td>104.1</td>\n",
       "      <td>58.5</td>\n",
       "    </tr>\n",
       "    <tr>\n",
       "      <th>6</th>\n",
       "      <td>6</td>\n",
       "      <td>12</td>\n",
       "      <td>Minnesota Timberwolves*</td>\n",
       "      <td>82</td>\n",
       "      <td>241.5</td>\n",
       "      <td>41.0</td>\n",
       "      <td>86.1</td>\n",
       "      <td>0.476</td>\n",
       "      <td>8.0</td>\n",
       "      <td>22.5</td>\n",
       "      <td>...</td>\n",
       "      <td>10.3</td>\n",
       "      <td>31.6</td>\n",
       "      <td>42.0</td>\n",
       "      <td>22.7</td>\n",
       "      <td>8.4</td>\n",
       "      <td>4.2</td>\n",
       "      <td>12.5</td>\n",
       "      <td>18.2</td>\n",
       "      <td>109.5</td>\n",
       "      <td>57.3</td>\n",
       "    </tr>\n",
       "    <tr>\n",
       "      <th>15</th>\n",
       "      <td>15</td>\n",
       "      <td>12</td>\n",
       "      <td>San Antonio Spurs*</td>\n",
       "      <td>82</td>\n",
       "      <td>240.6</td>\n",
       "      <td>39.0</td>\n",
       "      <td>85.4</td>\n",
       "      <td>0.457</td>\n",
       "      <td>8.5</td>\n",
       "      <td>24.1</td>\n",
       "      <td>...</td>\n",
       "      <td>10.4</td>\n",
       "      <td>33.9</td>\n",
       "      <td>44.2</td>\n",
       "      <td>22.8</td>\n",
       "      <td>7.7</td>\n",
       "      <td>5.6</td>\n",
       "      <td>13.1</td>\n",
       "      <td>17.2</td>\n",
       "      <td>102.7</td>\n",
       "      <td>57.3</td>\n",
       "    </tr>\n",
       "    <tr>\n",
       "      <th>9</th>\n",
       "      <td>9</td>\n",
       "      <td>15</td>\n",
       "      <td>Milwaukee Bucks*</td>\n",
       "      <td>82</td>\n",
       "      <td>241.8</td>\n",
       "      <td>39.7</td>\n",
       "      <td>83.0</td>\n",
       "      <td>0.478</td>\n",
       "      <td>8.8</td>\n",
       "      <td>24.7</td>\n",
       "      <td>...</td>\n",
       "      <td>8.4</td>\n",
       "      <td>31.5</td>\n",
       "      <td>39.8</td>\n",
       "      <td>23.2</td>\n",
       "      <td>8.8</td>\n",
       "      <td>5.4</td>\n",
       "      <td>13.8</td>\n",
       "      <td>21.4</td>\n",
       "      <td>106.5</td>\n",
       "      <td>53.7</td>\n",
       "    </tr>\n",
       "    <tr>\n",
       "      <th>14</th>\n",
       "      <td>14</td>\n",
       "      <td>15</td>\n",
       "      <td>Miami Heat*</td>\n",
       "      <td>82</td>\n",
       "      <td>243.0</td>\n",
       "      <td>38.8</td>\n",
       "      <td>85.3</td>\n",
       "      <td>0.455</td>\n",
       "      <td>11.0</td>\n",
       "      <td>30.6</td>\n",
       "      <td>...</td>\n",
       "      <td>9.3</td>\n",
       "      <td>34.2</td>\n",
       "      <td>43.5</td>\n",
       "      <td>22.7</td>\n",
       "      <td>7.6</td>\n",
       "      <td>5.3</td>\n",
       "      <td>14.4</td>\n",
       "      <td>20.1</td>\n",
       "      <td>103.4</td>\n",
       "      <td>53.7</td>\n",
       "    </tr>\n",
       "    <tr>\n",
       "      <th>8</th>\n",
       "      <td>8</td>\n",
       "      <td>17</td>\n",
       "      <td>Washington Wizards*</td>\n",
       "      <td>82</td>\n",
       "      <td>242.1</td>\n",
       "      <td>39.9</td>\n",
       "      <td>85.6</td>\n",
       "      <td>0.467</td>\n",
       "      <td>9.9</td>\n",
       "      <td>26.5</td>\n",
       "      <td>...</td>\n",
       "      <td>10.0</td>\n",
       "      <td>33.1</td>\n",
       "      <td>43.1</td>\n",
       "      <td>25.2</td>\n",
       "      <td>7.9</td>\n",
       "      <td>4.3</td>\n",
       "      <td>14.6</td>\n",
       "      <td>21.3</td>\n",
       "      <td>106.6</td>\n",
       "      <td>52.4</td>\n",
       "    </tr>\n",
       "  </tbody>\n",
       "</table>\n",
       "<p>16 rows × 27 columns</p>\n",
       "</div>"
      ],
      "text/plain": [
       "    Unnamed: 0  Rk                     Team   G     MP    FG   FGA    FG%  \\\n",
       "1            1   1         Houston Rockets*  82  240.9  38.7  84.2  0.460   \n",
       "3            3   2         Toronto Raptors*  82  241.8  41.3  87.4  0.472   \n",
       "0            0   3   Golden State Warriors*  82  240.6  42.8  85.1  0.503   \n",
       "13          13   4          Boston Celtics*  82  241.5  38.3  85.1  0.450   \n",
       "5            5   5      Philadelphia 76ers*  82  241.2  40.8  86.6  0.472   \n",
       "4            4   6     Cleveland Cavaliers*  82  240.6  40.4  84.8  0.476   \n",
       "10          10   7  Portland Trail Blazers*  82  240.9  39.3  87.0  0.452   \n",
       "2            2   8    New Orleans Pelicans*  82  243.4  42.7  88.3  0.483   \n",
       "7            7   8   Oklahoma City Thunder*  82  241.8  39.9  88.0  0.453   \n",
       "11          11   8          Indiana Pacers*  82  240.9  40.8  86.4  0.472   \n",
       "12          12   8               Utah Jazz*  82  240.9  38.3  82.9  0.462   \n",
       "6            6  12  Minnesota Timberwolves*  82  241.5  41.0  86.1  0.476   \n",
       "15          15  12       San Antonio Spurs*  82  240.6  39.0  85.4  0.457   \n",
       "9            9  15         Milwaukee Bucks*  82  241.8  39.7  83.0  0.478   \n",
       "14          14  15              Miami Heat*  82  243.0  38.8  85.3  0.455   \n",
       "8            8  17      Washington Wizards*  82  242.1  39.9  85.6  0.467   \n",
       "\n",
       "      3P   3PA  ...    ORB   DRB   TRB   AST  STL  BLK   TOV    PF    PTS  \\\n",
       "1   15.3  42.3  ...    9.0  34.5  43.5  21.5  8.5  4.8  13.8  19.5  112.4   \n",
       "3   11.8  33.0  ...    9.8  34.2  44.0  24.3  7.6  6.1  13.4  21.8  111.7   \n",
       "0   11.3  28.9  ...    8.4  35.1  43.5  29.3  8.0  7.5  15.5  19.6  113.5   \n",
       "13  11.5  30.4  ...    9.4  35.1  44.5  22.5  7.4  4.6  14.0  19.7  104.0   \n",
       "5   11.0  29.8  ...   10.9  36.5  47.4  27.1  8.3  5.1  16.5  22.1  109.8   \n",
       "4   12.0  32.1  ...    8.5  33.7  42.1  23.4  7.1  3.8  13.7  18.6  110.9   \n",
       "10  10.3  28.1  ...   10.2  35.3  45.5  19.5  7.0  5.2  13.5  19.5  105.6   \n",
       "2   10.2  28.2  ...    8.7  35.7  44.3  26.8  8.0  5.9  14.9  19.1  111.7   \n",
       "7   10.7  30.4  ...   12.5  32.6  45.1  21.3  9.1  5.0  14.0  20.2  107.9   \n",
       "11   9.0  24.5  ...    9.6  32.7  42.3  22.2  8.8  4.1  13.3  18.8  105.6   \n",
       "12  10.8  29.6  ...    9.0  34.2  43.3  22.4  8.6  5.1  14.7  19.6  104.1   \n",
       "6    8.0  22.5  ...   10.3  31.6  42.0  22.7  8.4  4.2  12.5  18.2  109.5   \n",
       "15   8.5  24.1  ...   10.4  33.9  44.2  22.8  7.7  5.6  13.1  17.2  102.7   \n",
       "9    8.8  24.7  ...    8.4  31.5  39.8  23.2  8.8  5.4  13.8  21.4  106.5   \n",
       "14  11.0  30.6  ...    9.3  34.2  43.5  22.7  7.6  5.3  14.4  20.1  103.4   \n",
       "8    9.9  26.5  ...   10.0  33.1  43.1  25.2  7.9  4.3  14.6  21.3  106.6   \n",
       "\n",
       "    WIN%  \n",
       "1   79.3  \n",
       "3   72.0  \n",
       "0   70.7  \n",
       "13  67.1  \n",
       "5   63.4  \n",
       "4   61.0  \n",
       "10  59.8  \n",
       "2   58.5  \n",
       "7   58.5  \n",
       "11  58.5  \n",
       "12  58.5  \n",
       "6   57.3  \n",
       "15  57.3  \n",
       "9   53.7  \n",
       "14  53.7  \n",
       "8   52.4  \n",
       "\n",
       "[16 rows x 27 columns]"
      ]
     },
     "execution_count": 2,
     "metadata": {},
     "output_type": "execute_result"
    }
   ],
   "source": [
    "stats_against_1314 = pd.read_csv(\"./preprocessed/opp_stats1314.csv\", sep = ',')\n",
    "stats_against_1415 = pd.read_csv(\"./preprocessed/opp_stats1415.csv\", sep = ',')\n",
    "stats_against_1516 = pd.read_csv(\"./preprocessed/opp_stats1516.csv\", sep = ',')\n",
    "stats_against_1617 = pd.read_csv(\"./preprocessed/opp_stats1617.csv\", sep = ',')\n",
    "stats_against_1718 = pd.read_csv(\"./preprocessed/opp_stats1718.csv\", sep = ',')\n",
    "\n",
    "stats_for_1314 = pd.read_csv(\"./preprocessed/team_stats1314.csv\", sep = ',')\n",
    "stats_for_1415 = pd.read_csv(\"./preprocessed/team_stats1415.csv\", sep = ',')\n",
    "stats_for_1516 = pd.read_csv(\"./preprocessed/team_stats1516.csv\", sep = ',')\n",
    "stats_for_1617 = pd.read_csv(\"./preprocessed/team_stats1617.csv\", sep = ',')\n",
    "stats_for_1718 = pd.read_csv(\"./preprocessed/team_stats1718.csv\", sep = ',')\n",
    "\n",
    "stats_for_1314.sort_values(by = ['Rk'])\n",
    "stats_for_1415.sort_values(by = ['Rk'])\n",
    "stats_for_1516.sort_values(by = ['Rk'])\n",
    "stats_for_1617.sort_values(by = ['Rk'])\n",
    "stats_for_1718.sort_values(by = ['Rk'])"
   ]
  },
  {
   "cell_type": "code",
   "execution_count": 3,
   "metadata": {},
   "outputs": [
    {
     "data": {
      "text/html": [
       "<div>\n",
       "<style>\n",
       "    .dataframe thead tr:only-child th {\n",
       "        text-align: right;\n",
       "    }\n",
       "\n",
       "    .dataframe thead th {\n",
       "        text-align: left;\n",
       "    }\n",
       "\n",
       "    .dataframe tbody tr th {\n",
       "        vertical-align: top;\n",
       "    }\n",
       "</style>\n",
       "<table border=\"1\" class=\"dataframe\">\n",
       "  <thead>\n",
       "    <tr style=\"text-align: right;\">\n",
       "      <th></th>\n",
       "      <th>FG</th>\n",
       "      <th>FGA</th>\n",
       "      <th>FG%</th>\n",
       "      <th>3P</th>\n",
       "      <th>3PA</th>\n",
       "      <th>3P%</th>\n",
       "      <th>2P</th>\n",
       "      <th>2PA</th>\n",
       "      <th>2P%</th>\n",
       "      <th>ORB</th>\n",
       "      <th>DRB</th>\n",
       "      <th>TRB</th>\n",
       "      <th>AST</th>\n",
       "      <th>STL</th>\n",
       "      <th>BLK</th>\n",
       "      <th>TOV</th>\n",
       "      <th>PF</th>\n",
       "      <th>PTS</th>\n",
       "      <th>WIN%</th>\n",
       "    </tr>\n",
       "  </thead>\n",
       "  <tbody>\n",
       "    <tr>\n",
       "      <th>FG</th>\n",
       "      <td>1.000000</td>\n",
       "      <td>0.674208</td>\n",
       "      <td>0.719538</td>\n",
       "      <td>0.334847</td>\n",
       "      <td>0.217550</td>\n",
       "      <td>0.519681</td>\n",
       "      <td>0.333666</td>\n",
       "      <td>0.053946</td>\n",
       "      <td>0.618169</td>\n",
       "      <td>-0.387093</td>\n",
       "      <td>0.379838</td>\n",
       "      <td>0.105600</td>\n",
       "      <td>0.706657</td>\n",
       "      <td>0.261827</td>\n",
       "      <td>0.176845</td>\n",
       "      <td>-0.287426</td>\n",
       "      <td>0.084605</td>\n",
       "      <td>0.712542</td>\n",
       "      <td>0.472978</td>\n",
       "    </tr>\n",
       "    <tr>\n",
       "      <th>FGA</th>\n",
       "      <td>0.674208</td>\n",
       "      <td>1.000000</td>\n",
       "      <td>-0.026960</td>\n",
       "      <td>0.281648</td>\n",
       "      <td>0.332864</td>\n",
       "      <td>-0.070927</td>\n",
       "      <td>0.167284</td>\n",
       "      <td>0.069234</td>\n",
       "      <td>0.178246</td>\n",
       "      <td>0.150818</td>\n",
       "      <td>0.413558</td>\n",
       "      <td>0.429339</td>\n",
       "      <td>0.315195</td>\n",
       "      <td>0.017803</td>\n",
       "      <td>-0.084035</td>\n",
       "      <td>-0.208282</td>\n",
       "      <td>0.144983</td>\n",
       "      <td>0.489363</td>\n",
       "      <td>0.054229</td>\n",
       "    </tr>\n",
       "    <tr>\n",
       "      <th>FG%</th>\n",
       "      <td>0.719538</td>\n",
       "      <td>-0.026960</td>\n",
       "      <td>1.000000</td>\n",
       "      <td>0.176180</td>\n",
       "      <td>-0.028696</td>\n",
       "      <td>0.760062</td>\n",
       "      <td>0.306698</td>\n",
       "      <td>0.018997</td>\n",
       "      <td>0.665858</td>\n",
       "      <td>-0.681048</td>\n",
       "      <td>0.119160</td>\n",
       "      <td>-0.274341</td>\n",
       "      <td>0.664129</td>\n",
       "      <td>0.339396</td>\n",
       "      <td>0.309888</td>\n",
       "      <td>-0.201540</td>\n",
       "      <td>-0.014833</td>\n",
       "      <td>0.495036</td>\n",
       "      <td>0.572437</td>\n",
       "    </tr>\n",
       "    <tr>\n",
       "      <th>3P</th>\n",
       "      <td>0.334847</td>\n",
       "      <td>0.281648</td>\n",
       "      <td>0.176180</td>\n",
       "      <td>1.000000</td>\n",
       "      <td>0.968995</td>\n",
       "      <td>0.481491</td>\n",
       "      <td>-0.776454</td>\n",
       "      <td>-0.906446</td>\n",
       "      <td>0.736533</td>\n",
       "      <td>-0.071313</td>\n",
       "      <td>0.113030</td>\n",
       "      <td>0.047808</td>\n",
       "      <td>0.327562</td>\n",
       "      <td>0.242740</td>\n",
       "      <td>0.154774</td>\n",
       "      <td>0.058469</td>\n",
       "      <td>0.016631</td>\n",
       "      <td>0.834963</td>\n",
       "      <td>0.627015</td>\n",
       "    </tr>\n",
       "    <tr>\n",
       "      <th>3PA</th>\n",
       "      <td>0.217550</td>\n",
       "      <td>0.332864</td>\n",
       "      <td>-0.028696</td>\n",
       "      <td>0.968995</td>\n",
       "      <td>1.000000</td>\n",
       "      <td>0.254948</td>\n",
       "      <td>-0.824043</td>\n",
       "      <td>-0.917667</td>\n",
       "      <td>0.656595</td>\n",
       "      <td>0.043446</td>\n",
       "      <td>0.040611</td>\n",
       "      <td>0.048995</td>\n",
       "      <td>0.180570</td>\n",
       "      <td>0.204531</td>\n",
       "      <td>0.007301</td>\n",
       "      <td>0.068663</td>\n",
       "      <td>0.087000</td>\n",
       "      <td>0.753918</td>\n",
       "      <td>0.477123</td>\n",
       "    </tr>\n",
       "    <tr>\n",
       "      <th>3P%</th>\n",
       "      <td>0.519681</td>\n",
       "      <td>-0.070927</td>\n",
       "      <td>0.760062</td>\n",
       "      <td>0.481491</td>\n",
       "      <td>0.254948</td>\n",
       "      <td>1.000000</td>\n",
       "      <td>-0.133365</td>\n",
       "      <td>-0.299604</td>\n",
       "      <td>0.525383</td>\n",
       "      <td>-0.368272</td>\n",
       "      <td>0.293955</td>\n",
       "      <td>0.041673</td>\n",
       "      <td>0.636759</td>\n",
       "      <td>0.206220</td>\n",
       "      <td>0.631724</td>\n",
       "      <td>0.033122</td>\n",
       "      <td>-0.197645</td>\n",
       "      <td>0.566646</td>\n",
       "      <td>0.688882</td>\n",
       "    </tr>\n",
       "    <tr>\n",
       "      <th>2P</th>\n",
       "      <td>0.333666</td>\n",
       "      <td>0.167284</td>\n",
       "      <td>0.306698</td>\n",
       "      <td>-0.776454</td>\n",
       "      <td>-0.824043</td>\n",
       "      <td>-0.133365</td>\n",
       "      <td>1.000000</td>\n",
       "      <td>0.942269</td>\n",
       "      <td>-0.321777</td>\n",
       "      <td>-0.190224</td>\n",
       "      <td>0.143319</td>\n",
       "      <td>0.023331</td>\n",
       "      <td>0.145835</td>\n",
       "      <td>-0.067871</td>\n",
       "      <td>-0.033890</td>\n",
       "      <td>-0.250090</td>\n",
       "      <td>0.037885</td>\n",
       "      <td>-0.358619</td>\n",
       "      <td>-0.309409</td>\n",
       "    </tr>\n",
       "    <tr>\n",
       "      <th>2PA</th>\n",
       "      <td>0.053946</td>\n",
       "      <td>0.069234</td>\n",
       "      <td>0.018997</td>\n",
       "      <td>-0.906446</td>\n",
       "      <td>-0.917667</td>\n",
       "      <td>-0.299604</td>\n",
       "      <td>0.942269</td>\n",
       "      <td>1.000000</td>\n",
       "      <td>-0.619522</td>\n",
       "      <td>0.017589</td>\n",
       "      <td>0.131301</td>\n",
       "      <td>0.129081</td>\n",
       "      <td>-0.058213</td>\n",
       "      <td>-0.208878</td>\n",
       "      <td>-0.043135</td>\n",
       "      <td>-0.160407</td>\n",
       "      <td>-0.030946</td>\n",
       "      <td>-0.591384</td>\n",
       "      <td>-0.481912</td>\n",
       "    </tr>\n",
       "    <tr>\n",
       "      <th>2P%</th>\n",
       "      <td>0.618169</td>\n",
       "      <td>0.178246</td>\n",
       "      <td>0.665858</td>\n",
       "      <td>0.736533</td>\n",
       "      <td>0.656595</td>\n",
       "      <td>0.525383</td>\n",
       "      <td>-0.321777</td>\n",
       "      <td>-0.619522</td>\n",
       "      <td>1.000000</td>\n",
       "      <td>-0.496485</td>\n",
       "      <td>-0.048573</td>\n",
       "      <td>-0.321908</td>\n",
       "      <td>0.504532</td>\n",
       "      <td>0.447240</td>\n",
       "      <td>0.037486</td>\n",
       "      <td>-0.128976</td>\n",
       "      <td>0.192497</td>\n",
       "      <td>0.827145</td>\n",
       "      <td>0.649455</td>\n",
       "    </tr>\n",
       "    <tr>\n",
       "      <th>ORB</th>\n",
       "      <td>-0.387093</td>\n",
       "      <td>0.150818</td>\n",
       "      <td>-0.681048</td>\n",
       "      <td>-0.071313</td>\n",
       "      <td>0.043446</td>\n",
       "      <td>-0.368272</td>\n",
       "      <td>-0.190224</td>\n",
       "      <td>0.017589</td>\n",
       "      <td>-0.496485</td>\n",
       "      <td>1.000000</td>\n",
       "      <td>-0.004983</td>\n",
       "      <td>0.525936</td>\n",
       "      <td>-0.513729</td>\n",
       "      <td>-0.282077</td>\n",
       "      <td>0.164017</td>\n",
       "      <td>0.276520</td>\n",
       "      <td>0.171989</td>\n",
       "      <td>-0.190909</td>\n",
       "      <td>-0.350964</td>\n",
       "    </tr>\n",
       "    <tr>\n",
       "      <th>DRB</th>\n",
       "      <td>0.379838</td>\n",
       "      <td>0.413558</td>\n",
       "      <td>0.119160</td>\n",
       "      <td>0.113030</td>\n",
       "      <td>0.040611</td>\n",
       "      <td>0.293955</td>\n",
       "      <td>0.143319</td>\n",
       "      <td>0.131301</td>\n",
       "      <td>-0.048573</td>\n",
       "      <td>-0.004983</td>\n",
       "      <td>1.000000</td>\n",
       "      <td>0.847105</td>\n",
       "      <td>0.355980</td>\n",
       "      <td>-0.331163</td>\n",
       "      <td>0.316733</td>\n",
       "      <td>-0.048819</td>\n",
       "      <td>-0.257033</td>\n",
       "      <td>0.222520</td>\n",
       "      <td>0.270662</td>\n",
       "    </tr>\n",
       "    <tr>\n",
       "      <th>TRB</th>\n",
       "      <td>0.105600</td>\n",
       "      <td>0.429339</td>\n",
       "      <td>-0.274341</td>\n",
       "      <td>0.047808</td>\n",
       "      <td>0.048995</td>\n",
       "      <td>0.041673</td>\n",
       "      <td>0.023331</td>\n",
       "      <td>0.129081</td>\n",
       "      <td>-0.321908</td>\n",
       "      <td>0.525936</td>\n",
       "      <td>0.847105</td>\n",
       "      <td>1.000000</td>\n",
       "      <td>0.016763</td>\n",
       "      <td>-0.435626</td>\n",
       "      <td>0.344900</td>\n",
       "      <td>0.108400</td>\n",
       "      <td>-0.146593</td>\n",
       "      <td>0.070818</td>\n",
       "      <td>0.038957</td>\n",
       "    </tr>\n",
       "    <tr>\n",
       "      <th>AST</th>\n",
       "      <td>0.706657</td>\n",
       "      <td>0.315195</td>\n",
       "      <td>0.664129</td>\n",
       "      <td>0.327562</td>\n",
       "      <td>0.180570</td>\n",
       "      <td>0.636759</td>\n",
       "      <td>0.145835</td>\n",
       "      <td>-0.058213</td>\n",
       "      <td>0.504532</td>\n",
       "      <td>-0.513729</td>\n",
       "      <td>0.355980</td>\n",
       "      <td>0.016763</td>\n",
       "      <td>1.000000</td>\n",
       "      <td>0.541717</td>\n",
       "      <td>0.263838</td>\n",
       "      <td>0.143710</td>\n",
       "      <td>0.125724</td>\n",
       "      <td>0.492949</td>\n",
       "      <td>0.518273</td>\n",
       "    </tr>\n",
       "    <tr>\n",
       "      <th>STL</th>\n",
       "      <td>0.261827</td>\n",
       "      <td>0.017803</td>\n",
       "      <td>0.339396</td>\n",
       "      <td>0.242740</td>\n",
       "      <td>0.204531</td>\n",
       "      <td>0.206220</td>\n",
       "      <td>-0.067871</td>\n",
       "      <td>-0.208878</td>\n",
       "      <td>0.447240</td>\n",
       "      <td>-0.282077</td>\n",
       "      <td>-0.331163</td>\n",
       "      <td>-0.435626</td>\n",
       "      <td>0.541717</td>\n",
       "      <td>1.000000</td>\n",
       "      <td>-0.032469</td>\n",
       "      <td>0.544441</td>\n",
       "      <td>0.500061</td>\n",
       "      <td>0.250188</td>\n",
       "      <td>0.377340</td>\n",
       "    </tr>\n",
       "    <tr>\n",
       "      <th>BLK</th>\n",
       "      <td>0.176845</td>\n",
       "      <td>-0.084035</td>\n",
       "      <td>0.309888</td>\n",
       "      <td>0.154774</td>\n",
       "      <td>0.007301</td>\n",
       "      <td>0.631724</td>\n",
       "      <td>-0.033890</td>\n",
       "      <td>-0.043135</td>\n",
       "      <td>0.037486</td>\n",
       "      <td>0.164017</td>\n",
       "      <td>0.316733</td>\n",
       "      <td>0.344900</td>\n",
       "      <td>0.263838</td>\n",
       "      <td>-0.032469</td>\n",
       "      <td>1.000000</td>\n",
       "      <td>0.096687</td>\n",
       "      <td>-0.142662</td>\n",
       "      <td>0.264652</td>\n",
       "      <td>0.381006</td>\n",
       "    </tr>\n",
       "    <tr>\n",
       "      <th>TOV</th>\n",
       "      <td>-0.287426</td>\n",
       "      <td>-0.208282</td>\n",
       "      <td>-0.201540</td>\n",
       "      <td>0.058469</td>\n",
       "      <td>0.068663</td>\n",
       "      <td>0.033122</td>\n",
       "      <td>-0.250090</td>\n",
       "      <td>-0.160407</td>\n",
       "      <td>-0.128976</td>\n",
       "      <td>0.276520</td>\n",
       "      <td>-0.048819</td>\n",
       "      <td>0.108400</td>\n",
       "      <td>0.143710</td>\n",
       "      <td>0.544441</td>\n",
       "      <td>0.096687</td>\n",
       "      <td>1.000000</td>\n",
       "      <td>0.391848</td>\n",
       "      <td>-0.224548</td>\n",
       "      <td>-0.049746</td>\n",
       "    </tr>\n",
       "    <tr>\n",
       "      <th>PF</th>\n",
       "      <td>0.084605</td>\n",
       "      <td>0.144983</td>\n",
       "      <td>-0.014833</td>\n",
       "      <td>0.016631</td>\n",
       "      <td>0.087000</td>\n",
       "      <td>-0.197645</td>\n",
       "      <td>0.037885</td>\n",
       "      <td>-0.030946</td>\n",
       "      <td>0.192497</td>\n",
       "      <td>0.171989</td>\n",
       "      <td>-0.257033</td>\n",
       "      <td>-0.146593</td>\n",
       "      <td>0.125724</td>\n",
       "      <td>0.500061</td>\n",
       "      <td>-0.142662</td>\n",
       "      <td>0.391848</td>\n",
       "      <td>1.000000</td>\n",
       "      <td>0.076283</td>\n",
       "      <td>-0.229414</td>\n",
       "    </tr>\n",
       "    <tr>\n",
       "      <th>PTS</th>\n",
       "      <td>0.712542</td>\n",
       "      <td>0.489363</td>\n",
       "      <td>0.495036</td>\n",
       "      <td>0.834963</td>\n",
       "      <td>0.753918</td>\n",
       "      <td>0.566646</td>\n",
       "      <td>-0.358619</td>\n",
       "      <td>-0.591384</td>\n",
       "      <td>0.827145</td>\n",
       "      <td>-0.190909</td>\n",
       "      <td>0.222520</td>\n",
       "      <td>0.070818</td>\n",
       "      <td>0.492949</td>\n",
       "      <td>0.250188</td>\n",
       "      <td>0.264652</td>\n",
       "      <td>-0.224548</td>\n",
       "      <td>0.076283</td>\n",
       "      <td>1.000000</td>\n",
       "      <td>0.730259</td>\n",
       "    </tr>\n",
       "    <tr>\n",
       "      <th>WIN%</th>\n",
       "      <td>0.472978</td>\n",
       "      <td>0.054229</td>\n",
       "      <td>0.572437</td>\n",
       "      <td>0.627015</td>\n",
       "      <td>0.477123</td>\n",
       "      <td>0.688882</td>\n",
       "      <td>-0.309409</td>\n",
       "      <td>-0.481912</td>\n",
       "      <td>0.649455</td>\n",
       "      <td>-0.350964</td>\n",
       "      <td>0.270662</td>\n",
       "      <td>0.038957</td>\n",
       "      <td>0.518273</td>\n",
       "      <td>0.377340</td>\n",
       "      <td>0.381006</td>\n",
       "      <td>-0.049746</td>\n",
       "      <td>-0.229414</td>\n",
       "      <td>0.730259</td>\n",
       "      <td>1.000000</td>\n",
       "    </tr>\n",
       "  </tbody>\n",
       "</table>\n",
       "</div>"
      ],
      "text/plain": [
       "            FG       FGA       FG%        3P       3PA       3P%        2P  \\\n",
       "FG    1.000000  0.674208  0.719538  0.334847  0.217550  0.519681  0.333666   \n",
       "FGA   0.674208  1.000000 -0.026960  0.281648  0.332864 -0.070927  0.167284   \n",
       "FG%   0.719538 -0.026960  1.000000  0.176180 -0.028696  0.760062  0.306698   \n",
       "3P    0.334847  0.281648  0.176180  1.000000  0.968995  0.481491 -0.776454   \n",
       "3PA   0.217550  0.332864 -0.028696  0.968995  1.000000  0.254948 -0.824043   \n",
       "3P%   0.519681 -0.070927  0.760062  0.481491  0.254948  1.000000 -0.133365   \n",
       "2P    0.333666  0.167284  0.306698 -0.776454 -0.824043 -0.133365  1.000000   \n",
       "2PA   0.053946  0.069234  0.018997 -0.906446 -0.917667 -0.299604  0.942269   \n",
       "2P%   0.618169  0.178246  0.665858  0.736533  0.656595  0.525383 -0.321777   \n",
       "ORB  -0.387093  0.150818 -0.681048 -0.071313  0.043446 -0.368272 -0.190224   \n",
       "DRB   0.379838  0.413558  0.119160  0.113030  0.040611  0.293955  0.143319   \n",
       "TRB   0.105600  0.429339 -0.274341  0.047808  0.048995  0.041673  0.023331   \n",
       "AST   0.706657  0.315195  0.664129  0.327562  0.180570  0.636759  0.145835   \n",
       "STL   0.261827  0.017803  0.339396  0.242740  0.204531  0.206220 -0.067871   \n",
       "BLK   0.176845 -0.084035  0.309888  0.154774  0.007301  0.631724 -0.033890   \n",
       "TOV  -0.287426 -0.208282 -0.201540  0.058469  0.068663  0.033122 -0.250090   \n",
       "PF    0.084605  0.144983 -0.014833  0.016631  0.087000 -0.197645  0.037885   \n",
       "PTS   0.712542  0.489363  0.495036  0.834963  0.753918  0.566646 -0.358619   \n",
       "WIN%  0.472978  0.054229  0.572437  0.627015  0.477123  0.688882 -0.309409   \n",
       "\n",
       "           2PA       2P%       ORB       DRB       TRB       AST       STL  \\\n",
       "FG    0.053946  0.618169 -0.387093  0.379838  0.105600  0.706657  0.261827   \n",
       "FGA   0.069234  0.178246  0.150818  0.413558  0.429339  0.315195  0.017803   \n",
       "FG%   0.018997  0.665858 -0.681048  0.119160 -0.274341  0.664129  0.339396   \n",
       "3P   -0.906446  0.736533 -0.071313  0.113030  0.047808  0.327562  0.242740   \n",
       "3PA  -0.917667  0.656595  0.043446  0.040611  0.048995  0.180570  0.204531   \n",
       "3P%  -0.299604  0.525383 -0.368272  0.293955  0.041673  0.636759  0.206220   \n",
       "2P    0.942269 -0.321777 -0.190224  0.143319  0.023331  0.145835 -0.067871   \n",
       "2PA   1.000000 -0.619522  0.017589  0.131301  0.129081 -0.058213 -0.208878   \n",
       "2P%  -0.619522  1.000000 -0.496485 -0.048573 -0.321908  0.504532  0.447240   \n",
       "ORB   0.017589 -0.496485  1.000000 -0.004983  0.525936 -0.513729 -0.282077   \n",
       "DRB   0.131301 -0.048573 -0.004983  1.000000  0.847105  0.355980 -0.331163   \n",
       "TRB   0.129081 -0.321908  0.525936  0.847105  1.000000  0.016763 -0.435626   \n",
       "AST  -0.058213  0.504532 -0.513729  0.355980  0.016763  1.000000  0.541717   \n",
       "STL  -0.208878  0.447240 -0.282077 -0.331163 -0.435626  0.541717  1.000000   \n",
       "BLK  -0.043135  0.037486  0.164017  0.316733  0.344900  0.263838 -0.032469   \n",
       "TOV  -0.160407 -0.128976  0.276520 -0.048819  0.108400  0.143710  0.544441   \n",
